139.657
121.066
156.057
111.352
148.119
115.566
162.951
131.016
140.001
116.974
169.245
122.851
121.235
139.055
118.794
127.658
149.782
157.243
132.65
141.876
122.193
120.711
109.737
156.382
139.445
152.51
120.378
108.942
131.912
126.971
115.495
152.726
139.044
128.769
131.419
114.776
154.131
118.46
142.823
128.452
108.911
123.86
110.122
134.487
151.338
155.035
109.983
151.489
134.01
141.043
143.739
157.453
124.951
125.352
108.369
106.37
108.338
119.185
109.888
106.871
168.449
150.84
145.223
147.09
127.144
162.483
137.245
159.835
105.884
109.069
106.457
106.79
115.409
142.745
117.409
109.946
143.86
139.25
152.473
115.739
103.293
113.047
133.886
110.017
159.274
132.069
142.942
129.889
118.877
148.556
142.593
125.526
111.474
110.979
149.259
130.696
102.701
109.893
161.85
152.771
149.016
137.039
157.932
148.503
116.245
121.213
121.791
164.857
128.494
131.498
139.339
140.5
158.572
141.966
118.632
103.283
129.361
113.609
110.111
119.518
155.093
128.383
119.977
131.831
148.114
154.066
126.389
168.043
109.767
103.27
117.448
168.457
121.566
144.227
113.061
134.563
157.836
147.109
164.845
128.491
116.255
115.6
129.007
115.278
142.747
125.311
107.08
136.301
105.314
106.246
130.036
143.114
168.724
124.27
110.44
146.545
125.275
108.33
134.953
158.137
142.432
143.854
125.257
140.417
152.051
129.02
107.174
113.247
136.894
124.15
112.25
117.087
130.277
140.075
111.853
115.254
148.911
149.08
113.08
119.923
127.878
129.553
161.287
112.437
103.042
113.979
110.321
107.711
160.384
126.361
142.93
128.557
116.751
107.225
121.611
123.991
138.219
105.784
134.267
113.7
134.232
111.708
125.445
120.516
123.973
106.473
103.485
134.276
131.33
130.025
106.857
141.656
128.025
115.128
143.936
110.126
132.917
110.889
129.628
128.955
122.378
116.227
119.758
134.097
135.811
129.422
158.035
149.831
126.717
159.885
116.636
159.453
116.345
109.964
106.836
154.227
105.772
109.663
123.948
104.66
137.73
133.003
134.769
119.895
125.657
133.427
148.258
130.042
138.037
145.16
152.421
137.024
114.162
121.267
107.788
147.646
110.724
134.229
131.885
110.764
135.283
168.585
134.708
125.008
136.666
144.421
135.437
127.44
144.421
111.347
135.402
124.395
127.209
127.159
106.377
153.663
166.513
120.026
121.335
129.735
116.551
107.69
146.413
140.68
100.245
156.166
105.992
111.979
141.631
121.997
144.642
167.958
147.68
123.844
153.975
126.768
131.853
129.799
138.354
118.011
113.591
120.75
157.133
155.719
137.265
115.072
129.87
112.658
154.753
119.38
131.142
144.958
112.138
153.554
136.958
162.126
128.402
134.027
130.395
106.95
149.323
120.946
113.45
145.838
108.929
112.995
150.009
125.604
115.811
111.161
128.201
168.019
135.884
147.651
165.264
127.748
130.565
163.619
121.455
152.6
120.167
168.147
145.75
165.44
138.428
155.693
146.046
134.997
151.482
164.746
106.619
165.458
126.124
108.875
129.634
111.778
107.378
115.92
127.206
143.209
114.108
138.29
140.626
130.802
136.157
155.263
129.33
110.413
112.709
141.535
121.301
111.492
111.04
160.396
121.379
134.943
161.75
152.235
149.528
124.599
110.398
126.879
168.015
123.965
152.056
111.537
166.956
142.229
150.646
132.842
151.248
137.162
138.903
119.709
105.238
114.029
124.919
134.427
116.483
121.168
126.971
117.592
105.436
129.406
136.841
127.428
130.769
116.942
143.462
149.848
132.996
123.786
159.799
128.46
137.044
121.222
145.991
114.908
131.31
156.435
103.48
135.626
130.317
113.478
139.939
110.757
133.444
123.657
113.79
119.853
158.082
123.23
150.783
123.664
143.87
139.664
152.732
108.179
106.149
105.235
118.112
125.22
119.763
139.843
155.401
151.16
158.277
122.861
107.992
162.408
107.779
119.517
126.65
106.736
121.092
127.542
169.767
115.255
108.714
164.342
125.09
130.602
151.075
135.627
124.286
145.144
119.242
129.307
127.008
117.174
124.3
105.412
119.081
160.184
102.461
140.905
132.822
116.266
113.783
128.005
141.423
166.612
135.637
100.752
142.079
113.272
124.476
152.401
128.964
112.291
112.732
131.911
114.215
139.594
122.219
103.143
159.138
131.798
147.013
123.542
120.376
138.414
165.454
115.722
118.671
146.809
140.87
114.1
158.65
135.3
120.942
158.838
111.141
116.66
163.727
113.077
137.137
108.799
107.924
135.895
126.855
142.409
119.678
149.588
127.872
107.527
117.171
129.057
116.991
107.385
114.417
111.528
121.197
136.191
104.743
130.396
134.855
109.645
126.928
131.913
127.308
105.715
116.279
152.627
161.228
123.014
164.058
107.101
169.508
120.322
146.05
114.547
115.573
131.229
139.732
131.256
119.701
120.727
115.666
131.702
113.439
114.279
141.259
116.64
111.151
124.347
107.378
113.535
131.232
125.447
107.09
151.539
144.525
156.618
143.98
133.633
160.35
115.197
125.125
121.353
113.481
154.906
118.089
110.372
114.772
139.927
160.498
115.672
132.204
141.223
108.069
120.238
119.059
103.886
107.886
154.572
159.487
120.154
132.417
166.354
121.36
123.561
163.051
107.724
116.375
104.5
126.508
124.072
137.486
120.539
161.823
138.68
107.54
168.757
114.155
123.231
166.704
129.338
113.544
110.489
164.236
111.241
134.221
140.877
117.176
132.568
100.125
106.361
144.742
130.656
140.527
143.925
147.17
121.037
117.1
113.25
110.785
127.205
112.593
119.427
110.07
109.751
111.108
125.899
122.343
142.218
135.577
118.301
128.057
106.73
142.209
134.314
140.694
121.552
155.639
146.841
144.398
135.337
123.083
129.887
111.613
124.521
162.289
154.776
113.32
153.622
119.563
120.14
122.869
143.261
167.375
114.952
113.088
115.273
127.178
137.982
153.64
120.254
119.792
116.563
132.447
105.466
159.41
149.549
134.553
121.526
135.098
138.156
115.016
114.53
118.86
151.841
116.088
110.332
140.413
134.855
131.099
158.353
108.865
124.173
115.905
124.492
141.081
132.176
129.783
133.696
133.234
135.86
121.459
115.848
122.816
128.605
157.93
132.586
129.147
154.811
126.116
106.328
153.522
132.102
155.357
142.722
117.19
168.28
168.003
153.727
114.973
120.39
115.892
117.45
112.474
102.124
130.176
112.113
109.33
112.749
131.727
149.15
154.517
135.453
153.822
121.034
162.691
127.23
146.548
118.647
125.585
124.607
119.263
156.887
123.168
148.298
117.15
162.257
130.336
105.554
164.538
134.47
148.471
116.505
131.35
164.902
119.028
118.836
112.779
169.283
126.001
146.429
119.435
141.477
160.749
125.039
139.825
101.797
152.972
140.823
143.308
118.72
110.048
149.044
138.304
122.073
129.441
113.684
119.958
103.229
109.461
124.054
142.979
127.782
107.253
119.129
108.871
101.819
103.56
142.084
150.849
122.419
120.594
143.976
119.588
143.483
100.943
158.238
121.213
131.182
166.113
115.086
163.676
135.237
124.978
110.454
130.811
117.614
110.729
152.329
110.457
150.175
128.53
138.493
123.243
108.959
147.292
114.354
123.774
159.366
110.607
118.193
117.896
116.964
115.115
134.715
145.083
127.391
154.365
133.491
119.008
106.562
140.141
110.081
159.216
131.216
106.015
157.145
113.258
136.832
124.517
135.854
127.076
129.999
109.196
114.857
114.011
101.645
104.839
117.463
136.045
105.507
119.878
158.649
121.06
110.605
144.939
153.531
116.578
124.636
163.156
119.137
161.263
107.8
134.983
107.179
120.412
114.868
113.991
125.228
136.957
143.173
138.412
111.008
108.282
133.133
113.432
146.6
140.514
106.614
114.06
130.712
164.682
133.262
146.335
157.228
115.743
168.208
129.062
110.407
168.5
120.672
153.65
147.171
114.57
125.384
137.862
122.502
135.389
132.859
107.999
113.829
109.64
106.528
124.411
137.043
139.439
116.136
118.439
153.195
125.149
154.75
115.188
132.223
149.976
166.903
143.023
117.524
109.325
142.121
111.77
120.624
116.614
155.631
101.27
168.957
160.114
137.254
152.838
157.476
124.786
102.412
121.681
148.119
123.398
127.196
123.525
158.982
166.747
120.168
126.462
115.91
158.143
113.29
116.529
113.878
132.579
167.186
126.6
123.186
129.234
116.231
136.798
157.744
133.558
157.049
127.934
107.152
144.989
139.192
140.836
157.058
130.979
140.635
111.748
156.544
104.139
137.978
145.916
114.515
117.315
104.339
106.321
130.746
139.406
122.155
141.205
129.072
123.445
161.227
125.693
169.193
136.333
139.557
123.386
159.655
135.996
110.995
149.512
127.297
156.649
106.025
125.829
127.542
111.423
161.898
154.804
101.104
122.332
122.108
119.654
114.874
120.282
129.903
118.861
112.074
116.931
162.455
143.455
115.327
118.261
106.573
115.365
142.917
166.908
138.412
159.752
139.317
121.769
155.356
166.054
115.81
130.56
106.271
107.655
112.396
106.973
160.161
164.593
127.54
109.438
116.617
148.877
109.276
122.755
114.42
167.99
109.171
117.067
149.947
108.457
113.355
112.924
107.119
149.302
143.559
133.666
131.586
132.065
114.421
115.565
114.991
113.777
137.339
164.512
157.671
154.208
123.121
124.564
108.757
104.143
110.689
119.194
124.173
108.536
120.909
104.806
132.126
155.465
115.234
108.157
134.273
109.242
127.449
121.772
161.71
141.148
152.249
126.101
104.931
122.82
113.441
131.895
113.54
113.896
133.27
132.697
131.991
135.067
120.037
121.47
113.461
114.465
113.114
116.703
155.763
122.335
167.376
136.035
111.541
106.107
143.28
158.01
114.947
129.492
124.153
137.103
125.089
111.149
110.489
109.031
125.667
150.77
138.405
145.999
128.419
107.812
107.431
102.08
107.113
126.842
122.521
127.057
118.414
150.692
109.635
103.596
119.769
132.897
133.386
117.912
111.886
129.791
154.32
145.867
119.53
161.175
110.858
129.617
160.015
143.688
143.989
113.382
126.298
122.066
113.345
118.657
126.345
110.815
139.196
134.025
105.509
156.484
147.026
106.599
105.064
136.807
161.126
131.331
101.321
111.856
104.775
142.617
157.248
108.413
140.279
103.763
158.83
153.989
118.652
113.381
138.78
164.961
136.142
130.976
119.606
114.318
117.644
105.602
126.291
113.201
109.049
112.594
163.044
151.332
135.438
108.444
126.076
123.984
105.464
145.026
123.076
110.474
119.25
126.825
117.031
136.757
103.791
134.956
122.754
116.986
116.369
127.503
148.397
106.144
108.075
134.701
143.528
144.827
135.707
132.68
108.232
121.541
119.748
119.748
127.531
110.828
147.977
166.087
120.313
160.258
133.236
154.775
118.535
139.607
129.156
124.753
152.87
114.286
105.453
158.212
138.689
165.123
117.302
160.701
111.243
120.524
141.963
155.502
160.241
109.992
157.071
109.958
118.554
124.599
131.15
136.79
121.543
132.525
150.773
103.774
131.104
105.922
102.258
129.101
141.211
118.976
143.554
121.815
123.754
135.729
143.927
111.493
126.523
123.26
130.19
132.869
138.407
129.479
134.531
127.403
137.139
156.715
157.893
139.211
119.107
162.615
120.928
126.735
118.79
118.68
118.782
128.966
114.119
164.517
138.96
140.696
130.823
150.155
143.907
139.345
122.27
167.775
126.684
106.306
162.218
129.996
110.009
127.824
152.308
122.305
119.989
115.539
158.481
120.2
151.028
142.073
152.151
156.854
117.441
159.002
145.69
116.647
107.227
126.93
163.018
109.035
165.568
133.877
146.833
156.249
152.301
115.415
140.082
119.405
127.03
142.993
103.666
151.807
138.832
139.43
139.936
159.886
108.94
108.922
114.726
122.975
105.162
115.54
130.763
163.718
127.852
132.73
115.29
116.51
162.128
151.946
100.156
163.626
152.835
109.353
128.945
150.278
123.375
109.118
110.939
122.283
161.957
124.269
127.029
125.936
115.101
143.574
116.997
128.054
169.806
145.724
123.075
108.275
169.639
123.618
101.612
158.476
104.05
106.898
131.402
109.677
157.613
134.74
162.616
109.883
115.622
113.966
129.968
113.374
108.348
131.068
106.089
118.992
154.006
152.879
143.461
132.146
113.266
153.762
121.781
167.097
123.04
123.774
153.802
119.138
138.503
133.027
115.499
162.925
118.201
125.116
158.533
104.951
128.675
104.318
102.897
132.142
157.745
118.742
146.796
164.933
109.127
127.042
161.012
107.52
160.698
113.087
111.67
140.579
109.217
161.159
127.769
153.116
119.795
108.764
166.881
124.114
149.651
122.376
139.821
122.79
128.413
121.214
116.962
131.861
146.322
162.037
134.949
118.655
100.118
148.451
123.007
140.822
155.885
153.766
106.746
158.119
146.923
107.423
144.856
122.44
121.882
145.954
133.448
105.02
117.079
148.16
122.705
120.084
136.139
147.031
111.157
116.139
110.625
130.127
151.318
116.407
144.976
138.094
135.439
112.358
123.406
134.341
116.835
100.437
125.173
127.894
120.184
115.616
130.97
118.873
151.358
145.749
162.87
164.434
126.323
113.192
125.027
125.084
115.323
119.123
117.189
121.856
113.774
125.878
116.913
108.095
101.67
147.852
112.64
152.272
149.867
144.241
122.593
156.922
165.288
129.379
135.482
116.253
168.152
127.403
159.494
149.103
110.246
116.524
134.428
124.743
117.971
116.142
134.842
124.655
154.994
137.933
119.482
156.998
125.554
123.048
152.27
130.285
125.175
105.834
111.632
112.324
127.125
141.632
137.136
146.314
136.829
113.659
130.975
130.766
126.239
122.143
117.087
109.231
123.649
111.258
114.571
125.098
161.575
130.342
134.196
129.806
133.073
139.241
102.883
156.649
169.914
126.455
131.939
152.395
147.959
139.996
117.852
148.5
111.632
122.536
142.636
108.642
102.547
108.665
138.902
148.279
125.276
144.585
124.606
122.352
160.717
152.689
136.352
134.037
142.83
122.282
127.918
105.074
120.981
114.283
166.105
108.351
130.308
125.577
149.118
149.637
145.031
155.309
122.135
119.61
152.09
117.838
164.937
145.455
106.963
127.408
161.295
129.99
104.39
111.147
106.928
132.365
118.491
150.506
114.009
119.62
168.371
111.422
111.378
159.743
139.416
118.415
129.143
109.443
146.816
161.277
111.079
109.962
136.111
106.221
105.429
156.99
123.389
125.675
136.998
163.249
129.362
104.689
161.634
105.054
114.875
104.176
110.444
144.128
124.675
127.135
110.371
149.583
149.515
113.972
113.427
100.124
130.723
138.691
115.242
156.238
151.368
137.932
124.723
114.707
104.968
115.661
113.963
141.718
116.286
111.537
131.344
109.967
163.849
139.103
104.137
133.102
124.906
112.771
129.046
108.908
153.858
139.422
160.751
143.568
154.311
106.581
124.519
160.9
121.315
115.066
108.292
122.478
134.49
126.39
107.625
126.654
124.293
152.589
103.562
122.246
166.471
135.788
158.254
136.459
146.263
146.62
118.824
115.897
144.484
158.12
125.775
169.819
158.781
162.815
132.122
165.691
110.571
127.341
110.605
114.516
139.982
112.376
118.565
120.944
125.097
106.56
145.554
146.611
142.021
130.842
154.334
118.016
130.039
168.982
164.976
131.315
132.312
110.048
148.411
142.929
147.564
116.724
117.597
125.694
133.436
123.394
114.608
108.561
123.949
135.779
120.72
153.318
157.097
160.34
128.976
163.826
169.417
136.098
132.544
141.115
167.754
160.902
137.741
107.36
124.382
114.636
142.679
112.733
119.886
123.073
126.428
131.27
114.417
145.244
148.651
139.209
137.581
112.649
110.373
119.348
162.996
105.848
126.614
139.754
169.722
101.315
114.082
162.09
142.274
104.637
158.318
110.27
118.352
131.943
133.613
138.644
125.812
122.986
117.674
164.478
105.662
116.148
116.613
148.722
133.03
121.951
105.935
115.464
135.066
169.153
136.191
138.713
100.82
108.864
145.714
112.179
127.242
106.24
130.235
146.068
108.438
136.241
109.857
139.692
145.65
138.717
143.371
129.834
124.002
160.813
108.952
110.155
117.116
145.204
119.426
112.518
123.47
147.682
115.156
151.437
135.912
123.662
147.404
113.658
147.824
124.132
112.009
124.529
131.785
132.286
112.376
106.905
136.678
114.49
124.812
120.436
131.711
120.217
129.085
113.648
118.462
111.81
140.178
132.06
111.101
128.24
122.906
112.259
158.254
119.416
113.645
114.566
153.048
161.813
105.787
131.941
116.705
121.008
120.815
130.259
116.19
113.76
126.667
121.509
132.688
165.247
136.575
109.376
114.519
166.094
127.327
120.89
102.221
137.629
125.096
138.29
107.628
116.434
117.786
147.564
137.587
115.867
121.206
130.384
125.378
116.516
134.171
150.377
103.903
110.873
121.909
110.372
127.637
163.158
159.446
129.116
154.535
120.606
101.923
121.211
133.704
134.579
112.532
156.969
113.603
167.766
149.787
100.693
111.266
144.782
108.397
115.099
137.911
118.785
144.696
128.176
127.27
111.162
116.478
127.277
132.026
112.693
146.142
102.264
132.565
117.086
125.072
114.325
118.594
143.655
152.485
116.593
131.347
113.152
131.447
107.681
134.088
112.192
128.408
115.013
132.617
149.92
129.432
109.025
109.974
132.486
133.354
149.624
139.664
127.686
101.509
152.131
168.495
131.183
129.893
127.495
129.349
112.824
169.993
155.611
135.858
136.032
114.295
128.526
132.099
166.175
124.591
124.234
168.962
165.397
112.88
113.971
133.954
109.875
124.702
130.076
155.936
140.273
112.223
137.741
140.352
121.675
127.835
107.674
112.863
167.459
112.921
148.678
108.996
148.712
126.091
111.536
134.994
113.158
106.245
112.449
143.817
131.934
113.55
114.512
129.361
110.03
110.504
150.535
120.014
160.927
142.031
134.251
138.448
150
114.623
150.472
127.299
169.139
136.325
152.329
107.301
132.616
116.602
120.974
130.389
154.256
124.687
155.482
102.05
124.745
135.927
112.516
135.544
152.96
111.892
118.926
149.967
111.203
127.484
157.38
115.478
104.328
135.131
131.084
155.755
142.119
140.872
111.337
111.129
111.825
114.902
132.591
117.75
111.207
141.648
135.034
135.674
103.172
148.602
111.815
151.79
142.056
140.16
107.275
167.277
163.376
136.873
112.741
163.903
135.772
157.042
115.822
165.967
139.891
109.09
120.102
128.895
131.641
131.299
137.073
137.873
130.039
109.482
130.732
156.405
100.672
120.24
137.5
109.102
167.295
116.914
119.872
153.088
145.267
139.684
128.412
102.971
112.856
169.674
159.718
108.768
150.253
144.066
114.509
168.618
123.772
110.138
157.632
145.318
137.854
147.287
157.143
105.946
146.247
124.266
101.156
123.03
123.708
137.248
148.692
167.117
145.426
120.822
137.086
167.223
149.157
122.071
159.017
155.881
140.42
116.23
122.968
167.706
100.535
120.309
142.82
146.283
123.467
127.951
120.444
133.846
123.917
120.019
122.569
117.48
114.38
126.724
158.418
146.245
157.141
142.519
111.697
147.148
124.357
114.89
108.477
141.095
140.219
116.875
167.387
145.465
145.659
136.339
151.012
119.04
130.306
110.276
114.227
102.205
130.898
132.126
117.218
145.685
125.279
107.383
147.776
117.196
112.389
110.475
104.2
125.443
144.638
120.511
112.976
162.621
150.42
123.325
130.988
146.418
136.202
169.537
126.163
122.779
108.033
147.552
143.976
110.758
162.929
136.379
114.479
148.49
122.445
140.983
146.782
126.415
156.277
153.925
169.489
127.305
153.345
130.226
132.956
135.296
121.878
101.329
146.483
126.368
157.242
166.579
108.627
138.015
127.614
151.11
111.208
110.723
117.917
113.766
152.459
164.819
119.15
143.527
120.01
103.871
145.051
146.562
145.172
152.617
140.82
111.533
126.183
160.051
121.838
115.217
152.739
143.902
103.665
159.479
119.367
118.389
116.889
149.281
130.372
100.679
101.665
157.949
123.829
136.894
123.063
116.319
111.051
143.424
146.271
146.101
160.452
159.416
123.802
115.276
113.751
169.801
116.488
145.978
119.127
130.611
158.094
146.287
107.229
128.127
169.083
165.54
103.218
112.772
132.314
130.772
106.021
126.675
115.962
123.958
107.236
108.329
118.472
126.291
128.66
115.539
137.254
130.696
120.611
118.944
148.442
105.059
108.383
104.994
150.812
126.472
105.487
118.675
114.136
157.119
119.755
166.727
119.526
140.659
107.813
140.837
115.816
161.153
108.436
116.283
126.608
129.887
103.825
116.388
118.714
130.672
122.426
116.692
154.001
110.337
138.093
103.457
153.213
114.644
126.635
131.014
116.465
141.175
153.92
113.952
114.063
109.988
156.438
128.962
141.254
121.628
117.488
145.753
112.114
120.562
121.887
152.129
152.495
110.536
154.598
155.36
162.752
148.745
107.423
105.023
109.175
107.918
113.866
108.868
124.268
122.292
120.593
120.998
114.296
134.192
147.733
109.59
108.475
141.22
124.431
109.176
108.467
133.504
150.15
118.806
113.937
141.351
156.137
115.563
129.479
129.554
126.093
164.48
137.929
157.999
106.699
114.473
160.712
120.811
100.727
108.991
115.998
148.549
160.252
150.481
157.141
109.341
105.43
115.513
109.668
119.299
127.346
146.196
121.722
146.816
110.987
122.918
106.572
114.447
161.7
166.071
129.448
112.691
117.919
108.97
138.196
124.577
129.988
124.248
114.118
151.918
115.402
125.702
125.147
121.244
155.573
147.047
162.51
109.142
119.037
125.743
116.618
110.585
105.762
140.471
115.454
137.646
126.129
104.145
127.102
140.654
140.318
112.157
127.268
116.648
139.826
117.667
113.857
103.938
108.857
156.388
124.886
162.183
110.325
134.19
128.404
117.249
100.914
108.954
151.331
153.965
115.748
133.939
109.404
131.009
107.66
124.16
129.401
113.538
120.036
127.119
107.276
113.273
117.562
142.901
129.751
147.709
136.127
166.142
128.889
133.184
155.649
103.874
125.9
154.062
120.304
117.388
118.421
115.838
144.33
112.752
167.816
135.266
123.887
113.982
133.531
169.117
146.526
138.903
121.855
169.112
130.082
138.396
137.911
115.518
117.747
163.684
125.469
148.357
139.961
139.363
133.862
150.786
115.115
109.332
124.763
122.988
116.79
141.62
130.867
159.956
133.032
109.403
110.631
132.167
146.233
107.027
127.04
127.21
163.803
114.195
142.579
112.016
116.049
153.504
136.512
149.544
168.968
142.321
128.544
126.402
132.224
159.017
139.335
141.401
111.572
141.183
135.581
132.059
127.129
122.799
124.256
118.87
156.8
104.482
152.697
104.139
164.709
122.661
112.799
119.346
111.922
166.123
161.591
132.668
115.994
105.264
125.348
108.849
132.321
129.419
165.576
116.074
134.524
142.879
127.469
112.595
116.994
117.175
112.415
125.525
159.141
123.282
113.531
154.937
126.027
104.866
153.449
114.096
156.975
122.746
121.636
121.266
117.359
111.241
107.196
161.477
164.326
126.097
122.724
120.475
138.895
154.068
156.41
108.035
124.727
159.554
143.269
120.266
159.279
134.525
114.039
151.404
158.717
150.089
128.526
106.407
126.39
138.714
165.155
156.281
161.935
104.465
158.084
138.418
122.517
125.526
127.778
121.66
147.72
152.454
125.717
129.588
115.484
124.41
153.433
156.255
149.306
117.284
133.15
104.704
123.919
156.3
160.925
129.965
119.097
114.848
139.482
164.787
118.524
135.022
119.403
112.38
116.563
131.978
139.803
103.6
117.971
150.809
128.356
128.381
151.492
110.885
123.725
127.454
148.33
133.559
159.878
107.027
112.148
140.047
146.185
121.597
128.644
119.454
106.342
109.486
149.624
166.382
131.508
119.141
118.359
166.504
117.756
169.835
114.265
123.451
105.609
112.355
165.02
118.887
135.332
156.204
131.909
152.739
118.083
136.07
130.396
108.179
122.113
149.231
120.734
152.258
115.942
115.419
150.856
106.138
123.262
123.184
131.909
129.722
112.929
145.276
143.712
112.751
158.993
115.537
126.592
124.047
136.667
108.498
124.835
120.512
116.372
146.882
112.227
114.548
159.997
128.841
163.331
150.644
118.616
111.315
125.337
124.018
157.487
123.965
127.494
131.407
130.91
110.378
106.395
149.8
152.969
112.011
123.49
162.269
144.701
118.354
155.821
116.781
118.636
104.249
113.12
117.356
168.962
125.893
118.294
140.553
102.427
116.938
116.661
107.019
124.964
124.771
125.344
136.742
139.25
148.884
109.438
112.817
129.124
108.339
143.798
144.637
157.121
112.592
121.282
105.897
141.032
143.168
134.35
150.144
160.722
141.9
125.408
128.879
139.455
119.142
152.849
149.058
146.601
115.925
115.873
102.355
107.592
124.422
121.346
116.224
142.647
138.242
129.374
