149.99
110.697
111.154
117.702
119.976
117.43
154.624
122.912
145.992
115.639
127.087
150.49
166.563
123.943
119.693
124.251
104.495
124.14
105.864
106.905
115.173
116.322
128.653
113.302
169.296
141.379
116.937
106.901
147.536
132.76
115.112
106.946
128.363
153.463
139.035
114.209
123.505
107.911
119.616
118.997
112.324
149.322
140.174
134.539
124.598
123.043
148.063
108.13
165.496
109.597
114.573
124.769
141.152
131.667
129.565
124.029
129.925
114.23
168.423
117.665
168.773
169.794
144.686
121.04
112.614
118.992
149.66
110.084
125.312
103.539
126.874
137.83
106.277
113.857
109.225
154
130.315
115.635
105.08
120.159
116.884
104.238
142.147
111.843
129.051
116.723
107.063
123.941
162.758
154.047
118.366
148.745
137.046
111.318
147.304
128.075
140.192
133.801
136.251
145.882
144.032
126.043
139.179
137.453
116.817
115.864
123.938
125.32
103.208
108.114
141.002
143.748
114.238
123.276
108.439
120.458
109.867
101.828
106.741
114.67
104.361
139.024
122.268
167.873
152.57
127.087
147.812
130.589
122.456
126.544
129.245
165.622
120.966
106.336
130.625
106.615
102.826
119.444
122.538
162.217
109.046
109.492
128.585
129.561
122.732
114.011
126.865
168.558
117.767
126.049
118.302
120.379
117.367
101.042
110.607
126.82
123.221
118.53
120.49
125.576
129.357
118.797
161.817
140.898
102.663
120.185
138.097
111.735
109.723
122.791
121.023
132.102
122.601
109.669
145.302
113.558
137.901
109.586
109.058
158.435
133.456
122.882
126.864
137.754
141.708
102.594
117.134
123.993
108.775
140.7
166.235
101.246
120.708
167.889
126.563
153.871
136.354
103.343
162.12
150.71
133.76
126.852
113.124
109.979
117.792
133.013
103.734
116.872
133.366
143.51
146.994
146.865
113.856
110.311
122.662
141.468
144.76
108.739
115.033
137.443
125.441
120.67
133.773
142.78
135.137
103.256
113.917
116.718
153.945
161.995
106.402
149.147
168.331
110.545
114.322
125.192
123.313
107.608
112.345
115.892
121.936
163.184
164.926
133.72
156.271
122.608
119.725
111.426
122.255
129.142
133.919
128.454
123.957
121.399
102.295
122.534
134.066
121.98
110.866
118.87
112.107
131.343
122.026
140.961
132.385
126.416
123.344
106.507
115.45
104.188
117.888
116.555
116.36
109.322
111.774
104.497
162.392
110.356
110.029
109.799
129.449
111.071
139.828
133.798
106.641
117.392
120.606
139.966
120.241
101.847
126.916
108.955
115.607
121
125.431
143.353
136.204
126.478
123.75
122.615
120.118
157.732
138.388
122.949
132.586
152.085
132.832
105.676
105.222
126.639
136.161
109.11
107.118
121.229
129.628
167.717
123.978
136.159
134.078
103.104
123.076
153.631
163.549
128.167
118.311
134.643
141.442
148.963
113.992
108.75
142.793
120.812
121.948
146.87
118.899
135.416
158.037
102.047
111.963
116.18
131.81
118.763
121.805
110.718
139.166
116.482
121.569
145.967
140.828
166.163
107.919
119.494
127.753
140.071
124.648
133.759
126.066
101.347
154.345
110.181
117.384
114.241
149.968
122.489
133.761
125.66
139.669
120.635
135.168
119.965
129.048
107.579
153.311
132.727
121.112
147.689
126.776
110.506
136.828
118.129
160.094
135.992
132.806
103.613
127.576
126.18
123.395
114.03
114.127
115.989
123.56
140.073
152.369
107.075
108.699
110.008
144.64
125.23
133.957
131.383
100.813
165.733
136.387
119.125
136.688
110.651
110.747
133.635
137.099
125.239
113.973
107.833
100.988
132.996
139.542
110.142
140.918
111.034
105.414
114.552
155.562
130.911
104.571
105.499
107.783
115.354
100.939
124.806
138.352
145.29
102.297
112.096
123.268
133.854
107.313
107.383
102.062
155.42
109.425
111.734
130.777
106.401
152.729
124.952
110.319
117.249
111.503
157.152
120.49
110.438
113.119
134.096
111.606
120.435
115.928
158.757
122.231
124.469
110.78
117.031
107.017
135.465
118.965
110.38
124.282
124.269
163.002
121.551
154.913
112.967
142.136
120.005
138.49
115.721
164.841
110.996
156.603
119.784
130.904
100.519
160.626
101.84
111.426
143.86
143.046
113.851
155.014
115.493
131.034
126.842
119.113
133.95
110.439
104.667
114.989
107.848
137.093
157.073
166.16
107.381
109.383
154.689
116.471
165.907
153.16
116.823
113.924
116.575
108.072
118.639
119.432
109.846
126.166
130.984
117.008
111.029
138.339
116.863
155.112
143.163
121.344
123.281
163.142
107.759
130.936
114.258
102.067
132.008
115.216
122.798
121.107
101.557
126.099
103.128
109.067
123.633
138.921
108.331
116.446
156.629
112.993
117.184
115.234
119.808
106.382
110.37
137.091
111.847
105.634
130.123
117.255
157.699
111.945
104.938
153.752
122.967
125.721
114.445
123.671
104.391
109.347
149.801
104.901
124.993
161.026
116.573
135.95
128.497
143.294
149.069
111.095
114.289
113.801
119.209
122.628
147.402
113.5
113.838
135.417
116.02
108.292
113.87
107.51
152.061
146.736
126.461
160.38
104.078
123.599
142.574
143.598
128.844
125.286
114.165
108.053
154.458
124.565
109.494
116.49
133.79
123.75
123.726
134.896
123.451
120.85
141.252
146.757
112.25
150.229
120.802
113.636
113.628
139.766
102.228
123.788
129.621
116.156
115.562
112.469
112.253
120.756
151.331
140.164
115.127
138.929
117.591
115.71
122.128
111.309
136.782
134.537
120.282
103.546
129.298
153.805
103.778
104.424
146.106
109.291
148.784
112.531
112.571
133.137
123.692
124.93
136.212
143.224
112.975
111.712
144.961
159.636
103.342
123.277
144.834
105.615
107.164
117.138
104.964
114.429
122.029
108.929
136.624
165.668
108.062
119.49
137.851
144.341
106.092
108.237
141.127
109.334
113.072
136.275
122.432
134.988
110.266
123.773
120.244
108.662
114.595
118.896
111.598
102.704
118.992
131.627
121.349
163.86
156.792
135.784
148.235
139.38
122.987
152.872
120.266
130.785
140.253
130.471
142.453
154.417
105.518
110.729
111.968
106.545
133.239
112.328
137.612
159.241
114.944
124.351
115.401
125.904
110.629
121.253
153.185
119.157
134.985
109.768
138.95
147.519
159.702
165.815
124.745
100.844
124.057
163.639
127.121
111.199
107.662
106.927
134.365
113.097
116.572
128.596
120.275
118.955
149.069
137.471
111.726
124.976
122.203
131.397
112.237
112.636
116.756
111.103
103.604
107.844
115.586
100.864
135.107
114.989
114.857
140.939
149.787
127.636
112.772
167.344
127.748
162.353
141.974
129.369
132.193
135.513
110.852
137.039
122.581
154.275
116.686
111.807
116.276
101.898
152.268
122.45
165.458
140.735
118.214
114.18
112.545
114.814
123.553
117.651
133.926
108.443
125.015
110.861
106.433
169.692
131.246
129.152
120.685
131.507
148.319
118.103
104.065
101.48
125.994
128.121
136.98
115.696
127.475
113.412
167.96
131.226
119.443
144.362
115.654
113.137
108.199
102.923
113.305
130.068
109.118
118.599
104.651
151.039
164.237
123.194
158.722
106.429
118.964
137.709
112.99
115.109
109.992
155.627
112.61
116.252
158.292
104.498
138.977
122.485
141.377
132.96
112.133
110.08
116.001
127.621
126.927
119.102
127.521
117.526
123.996
113.652
116.899
122.812
104.098
102.722
130.613
137.171
109.547
118.695
151.129
127.017
121.111
138.195
114.758
115.541
120.106
112.942
119.687
105.85
117.373
111.293
109.78
107.935
116.167
136.05
122.255
112.506
154.583
122.453
121.487
148.276
154.861
119.449
111.481
103.019
112.689
155.02
132.229
112.035
137.563
132.635
102.756
145.354
125.498
121.457
142.315
126.798
129.664
116.602
115.408
120.061
131.791
121.004
111.907
137.39
142.973
122.211
112.57
103.463
112.299
108.841
124.197
135.706
117.562
111.53
135.252
123.164
114.8
116.349
130.633
128.046
153.766
117.343
107.547
133.825
140.308
108.765
125.345
134.613
116.371
149.016
136.611
138.757
118.623
120.267
111.957
106.013
115.528
156.788
112.998
107.32
115.516
105.167
123.717
105.589
134.065
115.006
115.316
115.281
133.439
114.885
116.813
108.886
125.462
141.468
110.198
107.283
122.456
112.22
140.283
124.694
106.088
118.906
116.223
116.406
147.174
135.234
115.786
131.89
138.789
127.829
139.013
100.717
153.702
124.912
108.416
107.826
118.011
104.03
128.878
112.524
136.413
115.019
134.423
140.33
131.097
106.332
122.935
116.048
116.529
130.571
150.148
137.235
117.893
164.415
141.176
156.01
143.759
165.892
113.557
113.504
115.003
120.497
111.117
112.316
158.027
120.469
114.57
135.863
105.484
120.016
132.498
117.93
109.185
130.888
150.729
109.446
107.635
111.046
145.075
146.586
126.047
123.704
114.968
123.275
127.079
136.339
132.412
117.927
104.694
105.725
109.981
125.208
120.958
146.464
156.823
115.941
120.241
128.345
108.386
108.514
133.906
152.977
118.759
123.534
122.791
141.767
122.258
117.642
138.82
115.503
107.24
118.663
107.666
111.939
107.458
122.243
117.673
157.774
113.028
135.359
118.699
101.764
108.694
127.467
131.048
115.563
110.188
156.534
149.631
108.075
124.459
119.207
123.536
134.183
139.71
120.429
131.225
111.823
143.014
136.236
135.659
101.29
137.748
160.085
109.219
110.677
162.054
132.719
121.409
133.58
129.472
125.81
122.854
169.809
103.13
167.474
109.92
121.983
117.401
125.462
105.087
127.387
136.958
113.953
114.398
107.952
106.966
113.939
117.784
128.513
122.132
118.576
130.321
140.625
113.965
128.322
122.279
138.8
105.662
159.846
139.14
118.829
121.355
105.586
128.09
163.854
116.727
122.812
147.238
116.112
113.655
126.417
126.711
112.842
114.26
132.825
110.157
127.176
164.396
106.024
109.529
125.581
111.674
108.669
102.179
116.774
126.534
134.455
109.27
111.079
146.701
151.169
130.409
103.293
123.433
116.196
108.131
153.79
122.801
155.883
116.939
112.481
108.714
105.487
141.14
135.453
113.859
110.368
151.134
109.635
108.238
124.124
158.707
151.341
125.766
126.895
160.63
116.482
121.083
109.684
114.269
132.031
119.786
115.44
125.971
111.971
105.939
163.149
125.41
113.487
156.733
115.196
117.585
108.086
121.142
132.068
109.801
105.459
156.443
106.39
128.631
115.614
108.328
123.313
111.813
128.431
139.709
107.648
145.547
113.2
119.22
111.177
127.947
134.784
136.409
145.087
111.008
102.688
114.339
116.189
116.827
123.072
142.322
113.778
108.657
111.966
122.478
138.388
131.729
145.109
129.831
118.999
116.895
105.16
135.266
126.182
104.733
108.932
125.487
104.104
158.374
107.225
117.359
118.935
117.071
127.196
125.774
109.186
118.77
138.659
110.029
134.415
116.411
117.797
118.998
126.63
163.709
155.449
125.698
111.114
117.297
131.958
118.323
134.847
121.814
134.889
107.543
111.029
152.034
131.54
123.148
149.445
108.923
108.968
122.435
104.861
132.973
112.65
160.828
109.268
121.796
129.491
159.334
114.314
135.835
126.109
138.716
148.652
132.599
108.281
100.933
145.404
135.364
122.167
126.645
116.352
115.793
107.181
123.083
153.864
107.62
115.181
120.286
167.385
159.402
113.296
107.079
139.174
108.536
108.713
140.636
139.782
119.565
114.148
120.34
101.806
147.864
115.956
116.635
119.292
132.83
112.002
138.469
116.037
139.165
143.278
102.27
129.632
104.653
122.692
135.574
130.685
148.068
149.063
156.212
137.211
145.705
123.232
151.231
120.431
127.065
150.429
101.387
124.374
129.629
119.558
109.436
129.497
118.323
109.217
123.102
124.37
129.328
121.071
122.978
104.254
104.162
109.49
112.854
116.771
114.366
129.291
133.708
105.43
150.356
145.297
114.363
162.449
164.511
143.368
115.878
111.06
116.657
129.792
109.396
141.41
135.923
143.909
131.239
113.618
164.361
138.15
125.596
121.156
113.271
142.759
101.503
131.148
101.045
121.173
122.716
106.564
149.933
113.903
143.929
135.872
127.016
112.457
118.149
166.836
115.345
132.274
127.482
107.714
120.055
128.938
140.706
118.569
115.852
156.918
115.83
119.384
121.269
124.929
140.704
109.846
116.068
115.362
101.105
115.743
112.239
114.104
101.907
102.717
144.195
111.684
119.156
119.074
106.996
137.264
108.741
132.25
130.842
123.628
113.621
104.247
128.438
132.137
114.215
127.588
124.177
119.607
104.533
135.634
141.051
129.499
168.016
121.888
110.092
102.521
115.87
111.985
129.584
109.813
120.499
119.757
109.947
122.193
105.646
115.992
140.386
105.156
111.629
133.363
130.457
136.649
137.582
142.77
127.93
156.29
152.997
150.783
124.602
135.75
104.078
110.795
156.993
122.963
125.641
118.198
107.825
117.755
118.487
123.662
149.552
124.668
107.657
147.127
102.907
119.253
115.578
112.849
123.239
108.133
106.013
113.628
115
128.603
130.376
109.387
119.868
130.025
127.479
101.661
158.228
121.495
106.444
118.05
133.03
130.903
144.228
162.806
121.025
114.936
113.449
127.498
117.552
110.473
132.2
101.287
149.997
147.768
121.451
110.788
143.03
118.334
132.705
118.567
129.874
158.506
149.474
107.146
121.815
118.295
107.131
132.016
160.782
122.917
107.13
103.186
118.927
107.206
120.947
112.699
113.317
136.264
161.944
101.71
109.953
123.791
120.02
122.836
118.889
126.857
104.155
130.703
116.586
132.897
103.332
124.338
118.803
109.373
132.214
110.013
162.473
149.707
120.712
113.776
107.128
124.028
115.555
127.077
151.649
117.751
117.884
152.442
118.694
122.762
142.071
113.332
129.149
113.151
102.501
137.425
112.62
105.83
124.71
136.431
117.674
162.756
131.795
131.821
112.556
119.73
103.547
119.311
124.896
119.575
125.02
101.638
141.364
138.003
136.23
118.07
126.201
132.617
126.516
150.215
109.77
144.502
125.958
124.755
141.336
163.854
109.448
102.128
104.851
132.848
123.605
139.897
115.485
107.586
120.027
136.934
130.399
125.116
114.956
127.698
128.617
138.363
110.681
109.8
155.206
127.841
144.254
121.147
144.022
128.048
135.433
106.013
110.554
134.878
162.375
140.682
139.275
107.234
152.389
109.746
122.957
127.945
145.914
122.497
111.727
100.826
115.572
122.949
107.614
119.198
105.652
111.139
156.803
142.452
112.279
104.576
104.849
102.995
117.95
104.844
122.973
105.606
130.301
119.178
132.805
110.647
128.436
133.857
108.427
110.408
139.827
102.788
111.38
104.151
154.32
108.749
133.083
123.764
134.361
108.155
136.302
141.166
110.176
135.555
139.842
103.44
110.928
168.934
122.326
145.135
132.993
105.784
109.573
169.931
125.559
143.526
106.38
109.768
142.732
111.312
108.698
110.353
142.655
165.241
121.137
127.506
119.351
132.069
150.845
118.356
101.541
139.411
108.068
108.292
114.436
131.303
112.019
152.97
104.601
115.997
149.005
119.558
133.963
102.452
128.242
150.892
132.533
111.257
114.734
169.794
132.617
132.864
124.01
102.064
103.123
110.061
131.379
119.961
110.503
113.505
104.72
109.54
152.293
119.67
107.028
106.899
108.854
135.734
119.613
150.293
119.212
116.549
109.454
120.776
109.627
105.03
144.756
110.665
147.078
102.044
104.853
143.186
133.57
124.494
112.845
150.216
121.761
111.149
129.098
127.534
125.28
118.436
110.099
135.588
132.264
109.869
126.08
123.845
150.171
121.194
118.848
132.06
135.363
115.372
143.605
121.207
120.472
122.957
129.065
156.482
138.333
124.56
124.046
110.435
127.294
116.009
104.849
114.362
125.688
132.54
113.634
105.644
107.356
129.071
129.084
117.144
132.638
136.707
105.083
108.252
127.468
120.836
117.797
111.019
111.689
148.964
120.125
135.631
112.028
141.347
112.85
105.743
111.876
122.121
167.753
119.587
115.606
121.663
106.55
107.61
106.034
105.523
162.482
149.717
111.622
137.663
112.156
161.894
127.284
135.928
112.312
118.73
123.324
139.754
126.973
127.224
107.308
119.921
102.127
139.27
112.18
138.326
109.213
146.711
150.813
128.41
123.975
122.633
104.511
113.43
121.181
110.786
130.736
131.643
132.922
150.403
128.236
115.727
132.355
126.986
123.169
109.31
136.373
108.377
135.107
106.11
130.653
110.896
130.664
108.324
136.732
161.209
113.928
144.254
120.815
128.182
105.972
160.599
123.387
132.495
114.011
103.601
141.894
107.476
147.174
122.548
106.354
116.167
114.578
139.924
114.85
132.753
103
122.308
133.155
113.88
135.186
127.817
123.092
141.408
120.452
109.585
140.206
113.267
114.609
118.72
120.452
146.061
133.55
104.023
128.381
119.037
126.41
104.275
116.251
112.475
103.97
126.535
121.599
124.445
145.056
166.592
115.195
135.815
140.026
153.042
114.228
133.944
121.205
110.328
113.118
137.702
112.924
148.154
122.068
119.744
100.647
168.152
137.862
117.771
110.578
113.957
130.227
138.907
113.341
125.311
109.314
117.831
118.516
153.656
103.091
120.71
110.482
166.259
121.67
106.304
115.105
109.692
153.444
120.413
115.698
108.465
104.102
146.703
109.508
115.499
122.264
104.787
135.431
135.741
102.163
109.223
122.693
105.633
114.88
119.834
146.362
105.732
113.273
157.6
162.647
112.816
117.474
111.002
131.09
160.833
111.224
119.174
109.646
129.573
140.289
126.001
115.063
111.111
107.189
160.822
154.863
124.31
155.381
113.608
119.365
131.147
110.491
124.376
116.516
107.856
103.771
111.558
140.744
113.058
124.113
131.616
110.385
118.101
142.649
114.843
128.279
107.22
138.959
156.214
138.126
149.219
114.51
132.431
118.333
126.145
123.519
135.327
131.249
106.917
118.929
107.388
106.122
113.045
112.99
140.114
103.257
121.98
122.077
140.974
113.459
121.754
126.639
130.812
105.088
104.015
131.43
105.631
124.572
144.068
135.275
133.804
124.345
108.78
146.366
163.614
129.637
136.208
121.981
113.179
148.168
128.301
154.142
115.805
103.711
110.124
133.785
104.85
127.57
119.345
123.792
143.025
159.721
115.125
131.001
119.806
106.668
125.569
115.17
112.539
133.657
132.574
137.718
111.064
108.281
105.089
129.441
109.634
124
102.887
136.831
115.548
108.304
114.286
135.237
110.66
125.511
109.496
130.267
109.131
132.236
108.41
125.531
107.375
125.581
115.038
112.03
113.44
158.059
132.738
129.151
127.372
124.896
107.783
113.526
128.477
112.675
128.218
132.714
119.689
122.184
140.574
121.148
148.704
110.482
136.079
130.474
122.688
148.655
111.401
114.008
127.094
136.218
123.492
109.801
111.486
117.098
127.308
104.871
156.787
123.967
130.596
140.298
162.488
130.714
111.674
114.452
115.617
120.472
105.76
124.574
102.353
115.644
119.181
115.368
128.858
126.332
130.386
154.775
124.254
125.722
115.006
130.617
152.571
103.477
105.938
150.062
107.713
126.213
112.347
110.154
120.233
151.587
111.943
111.611
109.214
102.847
122.042
114.706
103.168
111.115
115.176
108.863
125.954
108.506
118.552
103.37
124.118
119.035
135.31
122.497
159.221
127.98
132.707
108.594
120.306
156.887
156.694
111.168
114.748
110.733
138.73
125.728
136.757
124.234
137.374
161.666
119.512
135.683
102.614
103.92
111.586
109.118
127.122
129.585
120.806
134.302
124.857
111.589
129.138
108.975
133.049
110.188
128.078
128.163
115.857
108.544
118.063
111.059
122.42
117.622
139.07
118.047
148.968
143.146
101.933
132.383
153.503
113.363
113.566
126.426
108.568
146.125
125.832
158.421
121.626
129.818
111.387
104.418
113.096
125.607
111.203
122.02
157.148
135.205
153.936
117.093
112.376
114.439
126.546
138.039
156.165
113.759
119.524
127.733
114.084
150.138
123.554
102.148
128.158
134.746
117.742
149.085
123.254
112.277
105.573
162.077
115.713
104.538
107.489
108.161
131.57
113.512
107.47
156.613
115.611
113.157
161.317
163.408
146.509
113.822
104.458
131.143
104.837
144.203
125.198
107.095
104.726
114.803
118.488
160.984
110.611
112.752
123.505
128.981
139.056
135.432
121.417
113.37
109.148
112.486
123.562
111.968
111.163
106.732
119.489
119.292
131.885
116.609
132.242
118.06
115.754
110.121
138.296
137.231
132.063
119.449
130.469
118.566
138.271
129.73
136.368
130.742
152.626
103.361
113.758
127.094
113.435
131.17
110.448
113.995
136.903
127.639
145.042
127.342
165.103
109.525
127.628
105.573
104.665
108.684
141.361
111.38
129.558
119.835
114.515
157.831
119.89
107.426
108.264
108.81
105.519
129.917
114.343
102.719
108.454
160.376
158.997
105.926
123.798
118.855
141.59
102.64
161.734
161.538
113.963
142.677
111.646
141.096
134.407
100.122
117.144
141.369
108.131
117.125
154.566
119.354
140.272
104.257
135.379
117.061
120.783
121.873
129.624
127.12
125.214
104.412
133.818
129.126
111.396
106.163
119.023
106.443
160.748
143.349
116.859
127.31
151.546
108.965
147.262
110.22
112.506
129.261
117.816
159.453
106.719
106.86
161.507
121.501
132.791
154.175
129.051
143.025
138.294
163.579
102.088
142.368
116.04
116.237
119.506
123.855
107.919
104.761
114.057
120.02
115.675
110.359
130.67
132.541
127.872
120.216
125.948
113.126
127.047
150.08
127.028
121.404
125.263
125.691
115.258
137.406
115.472
102.156
112.447
129.399
101.521
144.583
109.463
116.075
109.662
113.148
121.572
139.158
124.814
115.678
150.263
116.896
126.613
121.529
104.195
106.906
126.23
128.194
110.614
110.494
113.561
124.663
102.514
131.981
115.623
155.46
103.114
160.779
117.872
121.648
131.666
135.93
119.876
139.312
107.289
124.932
110.585
109.29
108.302
156.695
108.344
131.265
145.667
138.466
116.607
108.241
124.251
121.868
137.708
120.586
125.747
133.301
127.794
127.793
146.407
113.55
111.705
129.79
108.261
119.741
113.189
109.319
111.394
140.542
153.236
140.186
137.925
117.801
127.689
125.011
102.445
128.139
142.353
